The scheduler = HEFT, list_name = TaskSchedulingList, makespan = 85.00
[1, 2, 3, 4, 5, 6, 7, 8]
[3, 3, 3, 1, 2, 1, 2, 1]
0.0009953975677490234

[1, 5, 4, 3, 7, 2, 6, 8]
[3, 3, 3, 1, 3, 2, 3, 3]
The scheduler = Genetic, makespan = 66.00
0.10372066497802734

[1, 2, 4, 3, 5, 7, 6, 8]
[3, 2, 3, 1, 3, 3, 3, 3]
The scheduler = Evolution, makespan = 66.00
0.25029921531677246

[1, 2, 4, 5, 3, 7, 6, 8]
[3, 2, 3, 1, 3, 1, 3, 3]
The scheduler = wolf, makespan = 68.00
0.27429986000061035

[1, 5, 4, 2, 3, 6, 7, 8]
[2, 2, 3, 1, 2, 3, 3, 3]
[78.0, 75.0, 75.0, 75.0, 75.0, 75.0, 75.0, 75.0, 75.0, 75.0, 75.0, 75.0, 75.0, 75.0, 75.0, 75.0, 75.0, 75.0, 75.0, 75.0, 75.0, 75.0, 75.0, 75.0, 75.0, 75.0, 75.0, 75.0, 75.0, 75.0]
The scheduler = HGA, makespan = 75.00
0.282212495803833

[1, 5, 3, 4, 7, 2, 6, 8]
[3, 3, 1, 3, 3, 2, 3, 3]
[66.0, 66.0, 66.0, 66.0, 66.0, 66.0, 66.0, 66.0, 66.0, 66.0, 66.0, 66.0, 66.0, 66.0, 66.0, 66.0, 66.0, 66.0, 66.0, 66.0, 66.0, 66.0, 66.0, 66.0, 66.0, 66.0, 66.0, 66.0, 66.0, 66.0]
The scheduler = NGA, makespan = 66.00
0.2094409465789795

[1, 4, 2, 5, 3, 7, 6, 8]
[3, 3, 1, 2, 1, 2, 2, 2]
[73.0, 73.0, 73.0, 73.0, 73.0, 73.0, 73.0, 73.0, 73.0, 73.0, 73.0, 73.0, 73.0, 73.0, 73.0, 73.0, 73.0, 73.0, 73.0, 73.0, 73.0, 73.0, 73.0, 73.0, 73.0, 73.0, 73.0, 73.0, 73.0, 73.0]
The scheduler = LWSGA, makespan = 73.00
0.16359233856201172